0001 = 0 0 128 128
0002 = 129 0 128 128
0003 = 258 0 128 128
0004 = 0 129 128 128
0005 = 129 129 128 128
0006 = 0 258 128 128
0007 = 129 258 128 128
0008 = 258 129 128 128
0009 = 258 258 128 128
0010 = 387 0 128 128
0011 = 387 129 128 128
0012 = 516 0 128 128
0013 = 387 258 128 128
0014 = 516 129 128 128
0015 = 645 0 128 128
0016 = 774 0 128 128
0017 = 645 129 128 128
0018 = 516 258 128 128
0019 = 645 258 128 128
0020 = 774 129 128 128
0021 = 774 258 128 128
0022 = 0 387 128 128
0023 = 0 516 128 128
0024 = 129 387 128 128
0025 = 129 516 128 128
0026 = 0 645 128 128
0027 = 258 387 128 128
0028 = 129 645 128 128
0029 = 0 774 128 128
0030 = 387 387 128 128
0031 = 258 516 128 128
0032 = 258 645 128 128
0033 = 516 387 128 128
0034 = 129 774 128 128
0035 = 387 516 128 128
0036 = 258 774 128 128
0037 = 516 516 128 128
0038 = 387 645 128 128
0039 = 645 387 128 128
0040 = 516 645 128 128
0041 = 387 774 128 128
0042 = 774 387 128 128
0043 = 645 516 128 128
0044 = 774 516 128 128
0045 = 645 645 128 128
0046 = 516 774 128 128
0047 = 645 774 128 128
0048 = 774 645 128 128
0049 = 774 774 128 128
0050 = 903 0 128 128
0051 = 903 129 128 128
0052 = 1032 0 128 128
0053 = 1032 129 128 128
0054 = 903 258 128 128
0055 = 1161 0 128 128
0056 = 1161 129 128 128
0057 = 1032 258 128 128
0058 = 903 387 128 128
0059 = 1290 0 128 128
0060 = 1419 0 128 128
0061 = 1290 129 128 128
0062 = 1161 258 128 128
0063 = 1032 387 128 128
0064 = 903 516 128 128
0065 = 1290 258 128 128
0066 = 1161 387 128 128
0067 = 1032 516 128 128
0068 = 903 645 128 128
0069 = 1548 0 128 128
0070 = 1419 129 128 128
0071 = 903 774 128 128
0072 = 1677 0 128 128
0073 = 1548 129 128 128
0074 = 1419 258 128 128
0075 = 1161 516 128 128
0076 = 1032 645 128 128
0077 = 1290 387 128 128
0078 = 1161 645 128 128
0079 = 1032 774 128 128
0080 = 1419 387 128 128
0081 = 1290 516 128 128
0082 = 1548 258 128 128
0083 = 1677 129 128 128
0084 = 1806 0 128 128
0085 = 1677 258 128 128
0086 = 1806 129 128 128
0087 = 1419 516 128 128
0088 = 1290 645 128 128
0089 = 1548 387 128 128
0090 = 1161 774 128 128
0091 = 1419 645 128 128
0092 = 1290 774 128 128
0093 = 1677 387 128 128
0094 = 1548 516 128 128
0095 = 1806 258 128 128
0096 = 1677 516 128 128
0097 = 1548 645 128 128
0098 = 1806 387 128 128
0099 = 1419 774 128 128
0100 = 1806 516 128 128
0101 = 1548 774 128 128
0102 = 1677 645 128 128
0103 = 1806 645 128 128
0104 = 1677 774 128 128
0105 = 1806 774 128 128
0106 = 0 903 128 128
0107 = 129 903 128 128
0108 = 0 1032 128 128
0109 = 258 903 128 128
0110 = 129 1032 128 128
0111 = 0 1161 128 128
0112 = 387 903 128 128
0113 = 258 1032 128 128
0114 = 129 1161 128 128
0115 = 0 1290 128 128
0116 = 516 903 128 128
0117 = 387 1032 128 128
0118 = 258 1161 128 128
0119 = 129 1290 128 128
0120 = 0 1419 128 128
0121 = 387 1161 128 128
0122 = 258 1290 128 128
0123 = 129 1419 128 128
0124 = 0 1548 128 128
0125 = 516 1032 128 128
0126 = 645 903 128 128
0127 = 516 1161 128 128
0128 = 387 1290 128 128
0129 = 258 1419 128 128
0130 = 129 1548 128 128
0131 = 645 1032 128 128
0132 = 774 903 128 128
0133 = 774 1032 128 128
0134 = 645 1161 128 128
0135 = 903 903 128 128
0136 = 516 1290 128 128
0137 = 387 1419 128 128
0138 = 258 1548 128 128
0139 = 903 1032 128 128
0140 = 774 1161 128 128
0141 = 645 1290 128 128
0142 = 1032 903 128 128
0143 = 516 1419 128 128
0144 = 387 1548 128 128
0145 = 516 1548 128 128
0146 = 1032 1032 128 128
0147 = 903 1161 128 128
0148 = 774 1290 128 128
0149 = 645 1419 128 128
0150 = 1161 903 128 128
0151 = 645 1548 128 128
0152 = 1161 1032 128 128
0153 = 1032 1161 128 128
0154 = 903 1290 128 128
0155 = 774 1419 128 128
0156 = 1290 903 128 128
0157 = 1032 1290 128 128
0158 = 903 1419 128 128
0159 = 774 1548 128 128
0160 = 1419 903 128 128
0161 = 1290 1032 128 128
0162 = 1161 1161 128 128
0163 = 1032 1419 128 128
0164 = 903 1548 128 128
0165 = 1419 1032 128 128
0166 = 1290 1161 128 128
0167 = 1161 1290 128 128
0168 = 1548 903 128 128
0169 = 1419 1161 128 128
0170 = 1290 1290 128 128
0171 = 1161 1419 128 128
0172 = 1677 903 128 128
0173 = 1548 1032 128 128
0174 = 1032 1548 128 128
0175 = 1548 1161 128 128
0176 = 1161 1548 128 128
0177 = 1290 1419 128 128
0178 = 1806 903 128 128
0179 = 1677 1032 128 128
0180 = 1419 1290 128 128
0181 = 1806 1032 128 128
0182 = 1677 1161 128 128
0183 = 1548 1290 128 128
0184 = 1419 1419 128 128
0185 = 1290 1548 128 128
0186 = 1548 1419 128 128
0187 = 1419 1548 128 128
0188 = 1677 1290 128 128
0189 = 1806 1161 128 128
0190 = 1806 1290 128 128
0191 = 1677 1419 128 128
0192 = 1548 1548 128 128
0193 = 1677 1548 128 128
0194 = 1806 1419 128 128
0195 = 1806 1548 128 128
0196 = 1935 0 128 128
0197 = 1935 129 128 128
0198 = 2064 0 128 128
0199 = 1935 258 128 128
0200 = 2064 129 128 128
0201 = 2193 0 128 128
0202 = 2064 258 128 128
0203 = 1935 387 128 128
0204 = 2322 0 128 128
0205 = 2193 129 128 128
0206 = 2193 258 128 128
0207 = 2064 387 128 128
0208 = 1935 516 128 128
0209 = 2322 129 128 128
0210 = 2322 258 128 128
0211 = 2193 387 128 128
0212 = 2064 516 128 128
0213 = 1935 645 128 128
0214 = 2064 645 128 128
0215 = 1935 774 128 128
0216 = 2322 387 128 128
99999 (1) = 2193 516 128 128
99999 (10) = 2193 645 128 128
99999 (11) = 2064 774 128 128
99999 (12) = 1935 903 128 128
99999 (13) = 2322 516 128 128
99999 (14) = 2193 774 128 128
99999 (15) = 2064 903 128 128
99999 (16) = 1935 1032 128 128
99999 (17) = 2322 645 128 128
99999 (18) = 2322 774 128 128
99999 (19) = 2193 903 128 128
99999 (2) = 2064 1032 128 128
99999 (20) = 1935 1161 128 128
99999 (21) = 2064 1161 128 128
99999 (22) = 1935 1290 128 128
99999 (23) = 2322 903 128 128
99999 (24) = 2193 1032 128 128
99999 (3) = 1935 1419 128 128
99999 (4) = 2322 1032 128 128
99999 (5) = 2193 1161 128 128
99999 (6) = 2064 1290 128 128
99999 (7) = 2193 1290 128 128
99999 (8) = 2064 1419 128 128
99999 (9) = 2322 1161 128 128
